Removed:
[
    "Body",
    [35.40187478065491, 2.8336312621831894, 120.50079107284546],
    [35.012614727020264, 2.2927146404981613, 120.09057998657227],
    false
  ],

    [
    "Body",
    [37.65816390514374, 2.536552958190441, 115.71730375289917],
    [37.78187036514282, 2.070300653576851, 115.99688529968262],
    false
  ],

    [
    "Body",
    [34.75132882595062, 3.3534444868564606, 124.57263469696045],
    [32.8205406665802, 1.4987914822995663, 123.36641550064087],
    false
  ],
  [
    "Body",
    [38.636314868927, 14.211063086986542, 122.10507392883301],
    [37.95272707939148, 11.146244406700134, 120.5925703048706],
    false
  ],